1	0	0.5		FPZ.
2	-18	0.5	        Fp1.
3	18	0.5	        Fp2.
4	-22	0.411111111	AF3.
5	22	0.411111111	AF4.
6	-36	0.5	        AF7.
7	36	0.5	        AF8.
8	0	0.25	        Fz..
9	-22	0.272222222	F1..
10	22	0.272222222	F2..
11	-39	0.333333333     F3..
12	39	0.333333333     F4..
13	-49	0.411111111	F5..
14	49	0.411111111	F6..
15	-54	0.5	        F7..
16	54	0.5	        F8..
17	0	0.122222222	FCZ.
18	-44	0.172222222	FC1.
19	44	0.172222222	FC2.
20	-61	0.272222222	FC3.
21	61	0.272222222	FC4.
22	-69	0.383333333	FC5.
23	69	0.383333333	FC6.
24	-72	0.5	        FT7.
25	72	0.5		FT8.
26	0	0	        Cz..
27	-90	0.127777778	C1..
28	90	0.127777778	C2..
29	-90	0.25	        C3..
30	90	0.25	        C4..
31	-90	0.377777778	C5..
32	90	0.377777778	C6..
33	-90	0.5	        T7..
34	90	0.5	        T8..
35	-136	0.172222222	CP1.
36	136	0.172222222	CP2.
37	-119	0.272222222	CP3.
38	119	0.272222222	CP4.
39	-111	0.383333333	CP5.
40	111	0.383333333	CP6.
41	-108	0.5		TP7.
42	108	0.5		TP8.
43	180	0.25	        Pz..
44	-141	0.333333333	P3..
45	141	0.333333333	P4..
46	-131	0.411111111	P5..
47	131	0.411111111	P6..
48	-126	0.5	        P7..
49	126	0.5	        P8..
50	180	0.372222222	POZ.
51	-158	0.411111111	PO3.
52	158	0.411111111	PO4.
53	-145	0.45	PO5.
54	145	0.45	PO6.
55	-144	0.5		PO7.
56	144	0.5		PO8.
57	180	0.5	        Oz..
58	-162	0.5	        O1..
59	162	0.5	        O2..